0.8121093749999999
2.6683593749999996
3.132421875
3.2742187499999997
3.09375
2.8874999999999997
2.4749999999999996
2.4749999999999996
1.9593749999999999
1.72734375
1.65
1.4437499999999999
1.4437499999999999
1.2374999999999998
1.0828125
0.8121093749999999
0.8121093749999999
0.79921875
0.7218749999999999
0.64453125
0.6187499999999999
0.399609375
0.399609375
0.399609375
0.399609375
0.36093749999999997
0.30937499999999996
0.193359375
0.193359375
0.193359375
0.193359375
0.193359375
0.09023437499999999
0.09023437499999999
0.09023437499999999
0.09023437499999999
0.09023437499999999
0.09023437499999999
0.09023437499999999
0.038671874999999994
